x1=[ 
        0.000000          0.000000          0.000000          0.000000          0.000000 
        0.010000          0.000000          0.000031          0.000000          0.000021 
        0.020000          0.000001          0.000136          0.000001          0.000091 
        0.030000          0.000003          0.000315          0.000002          0.000210 
        0.040000          0.000008          0.000569          0.000005          0.000379 
        0.050000          0.000015          0.000898          0.000010          0.000597 
        0.060000          0.000026          0.001302          0.000017          0.000864 
        0.070000          0.000041          0.001782          0.000027          0.001181 
        0.080000          0.000062          0.002338          0.000041          0.001547 
        0.090000          0.000088          0.002973          0.000059          0.001962 
        0.100000          0.000122          0.003685          0.000080          0.002427 
        0.110000          0.000162          0.004477          0.000107          0.002941 
        0.120000          0.000211          0.005349          0.000139          0.003504 
        0.130000          0.000270          0.006303          0.000178          0.004117 
        0.140000          0.000338          0.007340          0.000222          0.004778 
        0.150000          0.000417          0.008462          0.000273          0.005489 
        0.160000          0.000507          0.009670          0.000332          0.006249 
        0.170000          0.000611          0.010965          0.000399          0.007058 
        0.180000          0.000727          0.012351          0.000473          0.007917 
        0.190000          0.000858          0.013828          0.000557          0.008824 
        0.200000          0.001004          0.015399          0.000650          0.009780 
        0.210000          0.001166          0.017066          0.000753          0.010785 
        0.220000          0.001346          0.018832          0.000866          0.011839 
        0.230000          0.001543          0.020699          0.000990          0.012942 
        0.240000          0.001760          0.022670          0.001125          0.014094 
        0.250000          0.001997          0.024747          0.001272          0.015295 
        0.260000          0.002255          0.026933          0.001431          0.016544 
        0.270000          0.002536          0.029233          0.001603          0.017842 
        0.280000          0.002841          0.031648          0.001788          0.019189 
        0.290000          0.003170          0.034183          0.001987          0.020584 
        0.300000          0.003525          0.036842          0.002200          0.022028 
        0.310000          0.003907          0.039627          0.002428          0.023521 
        0.320000          0.004318          0.042543          0.002671          0.025062 
        0.330000          0.004758          0.045594          0.002929          0.026651 
        0.340000          0.005230          0.048786          0.003204          0.028289 
        0.350000          0.005735          0.052121          0.003495          0.029975 
        0.360000          0.006273          0.055606          0.003804          0.031710 
        0.370000          0.006847          0.059245          0.004130          0.033492 
        0.380000          0.007459          0.063043          0.004474          0.035323 
        0.390000          0.008109          0.067006          0.004836          0.037202 
        0.400000          0.008799          0.071141          0.005218          0.039129 
        0.410000          0.009532          0.075452          0.005619          0.041105 
        0.420000          0.010309          0.079946          0.006040          0.043128 
        0.430000          0.011132          0.084629          0.006482          0.045199 
        0.440000          0.012002          0.089510          0.006944          0.047318 
        0.450000          0.012923          0.094594          0.007428          0.049486 
        0.460000          0.013895          0.099888          0.007934          0.051701 
        0.470000          0.014921          0.105402          0.008463          0.053964 
        0.480000          0.016004          0.111143          0.009014          0.056275 
        0.490000          0.017145          0.117118          0.009588          0.058633 
        0.500000          0.018347          0.123338          0.010187          0.061040 
        0.510000          0.019613          0.129811          0.010809          0.063494 
        0.520000          0.020944          0.136546          0.011457          0.065997 
        0.530000          0.022345          0.143554          0.012129          0.068547 
        0.540000          0.023816          0.150845          0.012828          0.071144 
        0.550000          0.025362          0.158430          0.013552          0.073790 
        0.560000          0.026986          0.166319          0.014304          0.076484 
        0.570000          0.028690          0.174524          0.015082          0.079225 
        0.580000          0.030478          0.183058          0.015888          0.082014 
        0.590000          0.032352          0.191932          0.016723          0.084851 
        0.600000          0.034317          0.201161          0.017586          0.087736 
        0.610000          0.036377          0.210757          0.018478          0.090669 
        0.620000          0.038534          0.220735          0.019399          0.093651 
        0.630000          0.040793          0.231109          0.020351          0.096680 
        0.640000          0.043158          0.241894          0.021333          0.099757 
        0.650000          0.045632          0.253108          0.022346          0.102883 
        0.660000          0.048221          0.264765          0.023391          0.106057 
        0.670000          0.050929          0.276884          0.024468          0.109280 
        0.680000          0.053761          0.289481          0.025577          0.112551 
        0.690000          0.056720          0.302576          0.026719          0.115871 
        0.700000          0.059814          0.316188          0.027894          0.119239 
        0.710000          0.063046          0.330337          0.029104          0.122657 
        0.720000          0.066422          0.345044          0.030348          0.126124 
        0.730000          0.069949          0.360329          0.031626          0.129639 
        0.740000          0.073631          0.376216          0.032941          0.133205 
        0.750000          0.077475          0.392728          0.034291          0.136820 
        0.760000          0.081488          0.409890          0.035677          0.140484 
        0.770000          0.085675          0.427725          0.037101          0.144199 
        0.780000          0.090045          0.446260          0.038561          0.147964 
        0.790000          0.094603          0.465522          0.040060          0.151779 
        0.800000          0.099358          0.485540          0.041597          0.155644 
        0.810000          0.104317          0.506341          0.043173          0.159561 
        0.820000          0.109487          0.527957          0.044789          0.163529 
        0.830000          0.114878          0.550418          0.046444          0.167547 
        0.840000          0.120499          0.573756          0.048140          0.171618 
        0.850000          0.126357          0.598006          0.049876          0.175740 
        0.860000          0.132462          0.623201          0.051655          0.179914 
        0.870000          0.138824          0.649378          0.053475          0.184140 
