y2=[ 
         0.010000        -19.121571        -19.121571        -19.121571        -19.121571  
          0.020000        -19.121570        -19.121570        -19.121571        -19.121571  
          0.030000        -19.121568        -19.121569        -19.121571        -19.121571  
          0.040000        -19.121563        -19.121566        -19.121571        -19.121571  
          0.050000        -19.121556        -19.121561        -19.121571        -19.121571  
          0.060000        -19.121545        -19.121553        -19.121571        -19.121571  
          0.070000        -19.121529        -19.121543        -19.121571        -19.121571  
          0.080000        -19.121509        -19.121530        -19.121571        -19.121571  
          0.090000        -19.121482        -19.121512        -19.121571        -19.121571  
          0.100000        -19.121449        -19.121490        -19.121571        -19.121571  
          0.110000        -19.121408        -19.121463        -19.121571        -19.121571  
          0.120000        -19.121359        -19.121431        -19.121571        -19.121571  
          0.130000        -19.121301        -19.121393        -19.121571        -19.121571  
          0.140000        -19.121233        -19.121349        -19.121571        -19.121571  
          0.150000        -19.121154        -19.121297        -19.121571        -19.121571  
          0.160000        -19.121063        -19.121239        -19.121571        -19.121571  
          0.170000        -19.120960        -19.121172        -19.121571        -19.121571  
          0.180000        -19.120844        -19.121097        -19.121571        -19.121571  
          0.190000        -19.120713        -19.121014        -19.121571        -19.121571  
          0.200000        -19.120567        -19.120921        -19.121571        -19.121571  
          0.210000        -19.120404        -19.120818        -19.121571        -19.121571  
          0.220000        -19.120225        -19.120705        -19.121571        -19.121571  
          0.230000        -19.120027        -19.120581        -19.121571        -19.121571  
          0.240000        -19.119811        -19.120446        -19.121571        -19.121571  
          0.250000        -19.119574        -19.120299        -19.121571        -19.121571  
          0.260000        -19.119315        -19.120140        -19.121571        -19.121571  
          0.270000        -19.119034        -19.119968        -19.121571        -19.121571  
          0.280000        -19.118730        -19.119783        -19.121571        -19.121571  
          0.290000        -19.118401        -19.119584        -19.121571        -19.121571  
          0.300000        -19.118046        -19.119371        -19.121571        -19.121571  
          0.310000        -19.117664        -19.119143        -19.121571        -19.121571  
          0.320000        -19.117253        -19.118900        -19.121571        -19.121571  
          0.330000        -19.116812        -19.118641        -19.121571        -19.121571  
          0.340000        -19.116341        -19.118367        -19.121571        -19.121571  
          0.350000        -19.115836        -19.118075        -19.121571        -19.121571  
          0.360000        -19.115298        -19.117767        -19.121571        -19.121571  
          0.370000        -19.114723        -19.117441        -19.121571        -19.121571  
          0.380000        -19.114112        -19.117097        -19.121571        -19.121571  
          0.390000        -19.113462        -19.116734        -19.121571        -19.121571  
          0.400000        -19.112771        -19.116353        -19.121571        -19.121571  
          0.410000        -19.112038        -19.115952        -19.121571        -19.121571  
          0.420000        -19.111262        -19.115531        -19.121571        -19.121571  
          0.430000        -19.110439        -19.115089        -19.121571        -19.121571  
          0.440000        -19.109568        -19.114626        -19.121571        -19.121571  
          0.450000        -19.108648        -19.114142        -19.121571        -19.121571  
          0.460000        -19.107676        -19.113636        -19.121571        -19.121571  
          0.470000        -19.106649        -19.113108        -19.121571        -19.121571  
          0.480000        -19.105567        -19.112557        -19.121571        -19.121571  
          0.490000        -19.104426        -19.111982        -19.121571        -19.121571  
          0.500000        -19.103224        -19.111384        -19.121571        -19.121571  
          0.510000        -19.101958        -19.110761        -19.121571        -19.121571  
          0.520000        -19.100626        -19.110114        -19.121571        -19.121571  
          0.530000        -19.099226        -19.109441        -19.121571        -19.121571  
          0.540000        -19.097754        -19.108743        -19.121571        -19.121571  
          0.550000        -19.096208        -19.108018        -19.121571        -19.121571  
          0.560000        -19.094585        -19.107267        -19.121571        -19.121571  
          0.570000        -19.092881        -19.106488        -19.121571        -19.121571  
          0.580000        -19.091093        -19.105682        -19.121571        -19.121571  
          0.590000        -19.089218        -19.104848        -19.121571        -19.121571  
          0.600000        -19.087253        -19.103985        -19.121571        -19.121571  
          0.610000        -19.085194        -19.103093        -19.121571        -19.121571  
          0.620000        -19.083037        -19.102171        -19.121571        -19.121571  
          0.630000        -19.080778        -19.101220        -19.121571        -19.121571  
          0.640000        -19.078413        -19.100238        -19.121571        -19.121571  
          0.650000        -19.075938        -19.099224        -19.121571        -19.121571  
          0.660000        -19.073349        -19.098180        -19.121571        -19.121571  
          0.670000        -19.070642        -19.097103        -19.121571        -19.121571  
          0.680000        -19.067810        -19.095994        -19.121571        -19.121571  
          0.690000        -19.064850        -19.094852        -19.121571        -19.121571  
          0.700000        -19.061757        -19.093676        -19.121571        -19.121571  
          0.710000        -19.058525        -19.092467        -19.121571        -19.121571  
          0.720000        -19.055148        -19.091223        -19.121571        -19.121571  
          0.730000        -19.051622        -19.089944        -19.121571        -19.121571  
          0.740000        -19.047940        -19.088630        -19.121571        -19.121571  
          0.750000        -19.044095        -19.087280        -19.121571        -19.121571  
          0.760000        -19.040083        -19.085893        -19.121571        -19.121571  
          0.770000        -19.035895        -19.084470        -19.121571        -19.121571  
          0.780000        -19.031526        -19.083009        -19.121571        -19.121571  
          0.790000        -19.026968        -19.081511        -19.121571        -19.121571  
          0.800000        -19.022213        -19.079973        -19.121571        -19.121571  
          0.810000        -19.017254        -19.078397        -19.121571        -19.121571  
          0.820000        -19.012083        -19.076782        -19.121571        -19.121571  
          0.830000        -19.006692        -19.075127        -19.121571        -19.121571  
          0.840000        -19.001072        -19.073431        -19.121571        -19.121571  
          0.850000        -18.995214        -19.071694        -19.121571        -19.121571  
