x1=[ 
        0.000000          1.000000          0.000000 
        0.010000          0.999750         -0.049625 
        0.020000          0.999008         -0.098486 
        0.030000          0.997780         -0.146571 
        0.040000          0.996076         -0.193867 
        0.050000          0.993903         -0.240363 
        0.060000          0.991269         -0.286047 
        0.070000          0.988182         -0.330909 
        0.080000          0.984651         -0.374938 
        0.090000          0.980683         -0.418126 
        0.100000          0.976288         -0.460463 
        0.110000          0.971474         -0.501941 
        0.120000          0.966249         -0.542552 
        0.130000          0.960623         -0.582289 
        0.140000          0.954604         -0.621146 
        0.150000          0.948200         -0.659115 
        0.160000          0.941421         -0.696193 
        0.170000          0.934276         -0.732372 
        0.180000          0.926774         -0.767649 
        0.190000          0.918923         -0.802020 
        0.200000          0.910734         -0.835481 
        0.210000          0.902214         -0.868029 
        0.220000          0.893373         -0.899662 
        0.230000          0.884221         -0.930377 
        0.240000          0.874765         -0.960173 
        0.250000          0.865017         -0.989048 
        0.260000          0.854985         -1.017003 
        0.270000          0.844677         -1.044037 
        0.280000          0.834104         -1.070150 
        0.290000          0.823274         -1.095343 
        0.300000          0.812197         -1.119617 
        0.310000          0.800882         -1.142974 
        0.320000          0.789337         -1.165416 
        0.330000          0.777573         -1.186945 
        0.340000          0.765599         -1.207565 
        0.350000          0.753422         -1.227278 
        0.360000          0.741053         -1.246089 
        0.370000          0.728500         -1.264001 
        0.380000          0.715773         -1.281019 
        0.390000          0.702880         -1.297148 
        0.400000          0.689830         -1.312393 
        0.410000          0.676632         -1.326759 
        0.420000          0.663295         -1.340253 
        0.430000          0.649827         -1.352881 
        0.440000          0.636237         -1.364650 
        0.450000          0.622534         -1.375565 
        0.460000          0.608726         -1.385636 
        0.470000          0.594821         -1.394869 
        0.480000          0.580828         -1.403272 
        0.490000          0.566756         -1.410854 
        0.500000          0.552611         -1.417622 
        0.510000          0.538403         -1.423586 
        0.520000          0.524140         -1.428755 
        0.530000          0.509828         -1.433138 
        0.540000          0.495477         -1.436744 
        0.550000          0.481093         -1.439583 
        0.560000          0.466685         -1.441666 
        0.570000          0.452260         -1.443002 
        0.580000          0.437825         -1.443602 
        0.590000          0.423388         -1.443476 
        0.600000          0.408955         -1.442636 
        0.610000          0.394535         -1.441093 
        0.620000          0.380134         -1.438857 
        0.630000          0.365758         -1.435940 
        0.640000          0.351415         -1.432355 
        0.650000          0.337111         -1.428111 
        0.660000          0.322853         -1.423222 
        0.670000          0.308646         -1.417700 
        0.680000          0.294498         -1.411556 
        0.690000          0.280415         -1.404803 
        0.700000          0.266402         -1.397453 
        0.710000          0.252466         -1.389520 
        0.720000          0.238612         -1.381015 
        0.730000          0.224846         -1.371951 
        0.740000          0.211173         -1.362341 
        0.750000          0.197599         -1.352198 
        0.760000          0.184129         -1.341535 
        0.770000          0.170768         -1.330365 
        0.780000          0.157522         -1.318700 
        0.790000          0.144394         -1.306556 
        0.800000          0.131390         -1.293943 
        0.810000          0.118515         -1.280876 
        0.820000          0.105773         -1.267368 
        0.830000          0.093168         -1.253433 
        0.840000          0.080704         -1.239082 
        0.850000          0.068386         -1.224331 
        0.860000          0.056218         -1.209191 
        0.870000          0.044202         -1.193677 
        0.880000          0.032344         -1.177801 
        0.890000          0.020646         -1.161577 
        0.900000          0.009112         -1.145018 
        0.910000         -0.002254         -1.128138 
        0.920000         -0.013450         -1.110949 
        0.930000         -0.024473         -1.093464 
        0.940000         -0.035320         -1.075697 
        0.950000         -0.045987         -1.057661 
        0.960000         -0.056473         -1.039369 
        0.970000         -0.066775         -1.020833 
        0.980000         -0.076890         -1.002066 
        0.990000         -0.086816         -0.983082 
        1.000000         -0.096551         -0.963892 
        1.010000         -0.106094         -0.944510 
        1.020000         -0.115442         -0.924948 
        1.030000         -0.124593         -0.905217 
        1.040000         -0.133546         -0.885332 
        1.050000         -0.142299         -0.865303 
        1.060000         -0.150852         -0.845143 
        1.070000         -0.159202         -0.824863 
        1.080000         -0.167349         -0.804477 
        1.090000         -0.175292         -0.783994 
        1.100000         -0.183029         -0.763428 
        1.110000         -0.190560         -0.742788 
        1.120000         -0.197885         -0.722088 
        1.130000         -0.205002         -0.701337 
        1.140000         -0.211912         -0.680547 
        1.150000         -0.218613         -0.659730 
        1.160000         -0.225106         -0.638894 
        1.170000         -0.231391         -0.618052 
        1.180000         -0.237467         -0.597213 
        1.190000         -0.243335         -0.576389 
        1.200000         -0.248995         -0.555588 
        1.210000         -0.254447         -0.534822 
        1.220000         -0.259692         -0.514099 
        1.230000         -0.264729         -0.493429 
        1.240000         -0.269560         -0.472823 
        1.250000         -0.274186         -0.452289 
        1.260000         -0.278606         -0.431836 
        1.270000         -0.282822         -0.411473 
        1.280000         -0.286836         -0.391209 
        1.290000         -0.290647         -0.371053 
        1.300000         -0.294257         -0.351013 
        1.310000         -0.297667         -0.331097 
        1.320000         -0.300879         -0.311313 
        1.330000         -0.303893         -0.291670 
        1.340000         -0.306712         -0.272174 
        1.350000         -0.309337         -0.252833 
        1.360000         -0.311769         -0.233655 
        1.370000         -0.314010         -0.214647 
        1.380000         -0.316062         -0.195815 
        1.390000         -0.317926         -0.177166 
        1.400000         -0.319605         -0.158707 
        1.410000         -0.321100         -0.140444 
        1.420000         -0.322414         -0.122384 
        1.430000         -0.323548         -0.104531 
        1.440000         -0.324505         -0.086893 
        1.450000         -0.325286         -0.069474 
        1.460000         -0.325894         -0.052280 
        1.470000         -0.326331         -0.035316 
